Id,SalePrice
1461,122253.41946019286
1462,115148.34157775983
1463,170555.33269852964
1464,191863.47904060653
1465,178017.5155662708
1466,166909.08851530822
1467,184698.19935710184
1468,158784.78724845927
1469,191252.4787752176
1470,114356.50454690354
1471,190424.7888534297
1472,108227.90004244128
1473,103358.95634845176
1474,152774.80933110256
1475,118671.20821452004
1476,360542.29273741756
1477,254239.57978775652
1478,268636.1169284049
1479,257662.92112415878
1480,504801.95416715014
1481,307371.5126803603
1482,193051.0573788139
1483,168120.93192230325
1484,157810.32831922013
1485,175774.73784980387
1486,189849.07214722325
1487,308283.1161449128
1488,236390.98575826688
1489,190376.30649981686
1490,217788.91163564127
1491,185685.82893469874
1492,95320.42810791938
1493,191759.0991332742
1494,287292.1210281261
1495,288153.94035503204
1496,208975.53465452758
1497,168018.75350673377
1498,148060.9663644012
1499,153320.75725409447
1500,143769.68216145365
1501,158848.71822391127
1502,142907.82363455734
1503,299552.7979463411
1504,230150.15802872286
1505,213849.65978579482
1506,196297.8743946051
1507,254338.8651832963
1508,192916.0554800659
1509,158963.74149808427
1510,139833.01860750467
1511,141507.81090667495
1512,175978.97799511862
1513,145382.58515343693
1514,166713.63754478886
1515,209936.56969143086
1516,154712.7087070135
1517,165847.12142688583
1518,133967.82600280514
1519,215564.2756623733
1520,123330.92576558398
1521,123832.49225542018
1522,178559.5565896177
1523,99801.39551466612
1524,115516.90388388914
1525,117640.55130246402
1526,109031.63751218644
1527,102409.02064643927
1528,149090.89044605015
1529,136543.16342545257
1530,206628.5162401172
1531,112340.47877649548
1532,105010.13128345202
1533,151395.76273908993
1534,126107.53236184019
1535,154159.54869510912
1536,109601.71288195495
1537,69610.22111703861
1538,168894.36733333586
1539,193346.24118133375
1540,101385.08671709865
1541,143555.07246903164
1542,140552.22864745703
1543,184889.7179842155
1544,91663.66671383061
1545,121046.55328465444
1546,130908.58867969879
1547,133049.87468433147
1548,135081.25360385468
1549,116906.52339872676
1550,123044.43283837604
1551,119742.82273974664
1552,125951.53187972738
1553,139914.48196510522
1554,123855.89469743779
1555,159338.6683110916
1556,88394.95611462538
1557,100923.99533558627
1558,99862.32415291657
1559,78438.63425449321
1560,131077.6091840607
1561,123107.9949367992
1562,127041.66102762084
1563,112482.21957819209
1564,162895.71066314777
1565,142681.63805784917
1566,247321.98062560038
1567,81709.8070369909
1568,213385.8454071256
1569,114357.0480858045
1570,137533.0941349708
1571,111067.81698502229
1572,143588.24399905023
1573,255939.04223453268
1574,114091.71592097948
1575,227015.9713909519
1576,251017.89653834605
1577,173684.77446040272
1578,137503.36935479133
1579,136843.6128265351
1580,191496.1744264408
1581,149283.43354090923
1582,124018.73523376787
1583,329845.580040678
1584,217700.94312825947
1585,140325.53544705233
1586,78790.34610543044
1587,102829.02008983813
1588,140847.69307637418
1589,104539.21511987831
1590,139576.3584449377
1591,87464.97910901031
1592,119799.72944867739
1593,124740.56937121868
1594,123790.73198820456
1595,94570.17480729731
1596,209703.4405114521
1597,166865.3043845193
1598,191324.97158947302
1599,178724.4501423361
1600,167834.16201261253
1601,68146.98064136112
1602,111612.93275793802
1603,84874.88281676927
1604,246561.5633726832
1605,254138.51570162398
1606,175248.96126058474
1607,187596.9759804026
1608,206006.38818063526
1609,190527.5604548435
1610,142332.796235712
1611,139612.17453730045
1612,162113.2177131534
1613,160951.08585078936
1614,127241.71367834703
1615,97511.52207791178
1616,81303.36587258484
1617,99947.57530087985
1618,121878.39286057401
1619,141618.56502734323
1620,160341.58243063968
1621,135248.86897361238
1622,130293.56045506394
1623,273278.76984564547
1624,205259.6017517135
1625,115887.6939557383
1626,176832.87455000947
1627,186557.59801362638
1628,276457.23671396857
1629,171590.39255367828
1630,346286.5254010054
1631,199372.89593934055
1632,222057.29151236694
1633,166006.23678426095
1634,180840.8308249958
1635,170220.93748526974
1636,149899.27908806954
1637,192379.67052071032
1638,205803.22436338232
1639,190225.1251547178
1640,274010.61848044983
1641,183298.37657372796
1642,216462.76667243993
1643,217307.82016210046
1644,220869.51204069026
1645,234860.17187652353
1646,164701.34371094796
1647,163267.52784095594
1648,129150.09393606997
1649,136900.55854900207
1650,118073.22059591902
1651,121821.94859217924
1652,111460.52016089117
1653,116880.95721495252
1654,147055.01113591762
1655,142993.08424421013
1656,144197.3636291106
1657,148571.99129620273
1658,145000.412430725
1659,127464.3380124549
1660,143535.05431192042
1661,458866.4281736586
1662,410255.99936407903
1663,351178.1401063022
1664,576824.5852578419
1665,279163.5495792118
1666,321314.27803879185
1667,342889.5179557314
1668,313196.8511285445
1669,277390.16634249117
1670,323409.757504061
1671,254468.57861953884
1672,456483.6565299537
1673,283680.3023010222
1674,237874.1942367474
1675,177712.55388425663
1676,180598.22586906137
1677,205350.13638595722
1678,505088.72546668845
1679,362809.647194242
1680,313094.1565353017
1681,220209.8592975882
1682,290870.7225566823
1683,178631.60426314175
1684,178783.9043153625
1685,163739.98118766342
1686,164676.38536801594
1687,162989.42924507955
1688,186202.82363576
1689,186779.4899743621
1690,192943.48436571567
1691,181026.4519040896
1692,251651.04650932545
1693,162681.41340335307
1694,174654.64667801477
1695,163566.52892314992
1696,272328.91356910206
1697,171954.7634258566
1698,367355.14977666026
1699,311647.47815378755
1700,236861.97835502707
1701,262904.2194477957
1702,245462.50341974114
1703,247656.6829451358
1704,283408.4245972883
1705,215658.16966203635
1706,453447.6081080961
1707,204599.60642137466
1708,188533.2122514334
1709,263844.79775393516
1710,208900.18037902375
1711,255343.46048208725
1712,264943.56867298624
1713,263060.0895859648
1714,212062.5507620534
1715,191416.41690016162
1716,182861.87073326233
1717,172163.80859579053
1718,131828.02647613594
1719,196309.25280798093
1720,237053.6259060122
1721,168036.1138811994
1722,123567.23972513257
1723,154348.79689485696
1724,219659.4724184905
1725,222361.95048047914
1726,179573.68610014542
1727,149796.87501372877
1728,176642.3000253602
1729,164605.12458330934
1730,165256.2883820493
1731,117003.9568691641
1732,123473.53688139368
1733,110389.08865870218
1734,114843.58289405117
1735,134549.35195473675
1736,110794.90026792217
1737,385523.1196368857
1738,239754.16885156342
1739,281214.8813199453
1740,213058.1033882088
1741,177787.41117622875
1742,156857.0123428588
1743,168369.15944157692
1744,322417.09616873506
1745,207756.73519425018
1746,210065.04513424265
1747,223949.06069014137
1748,234407.5851442713
1749,145498.02840390906
1750,140904.75543465404
1751,261348.700204775
1752,113660.57000033626
1753,149021.79135141065
1754,216603.81384412938
1755,158420.9414057995
1756,131360.00734040848
1757,113232.36600241551
1758,139259.17336729038
1759,166731.20765618575
1760,167841.28388728134
1761,163563.35212028376
1762,174032.75246664748
1763,168249.17929800277
1764,108219.54179229795
1765,185793.9008436142
1766,198040.0870300699
1767,255968.99722101135
1768,137422.80932592636
1769,177120.06954644978
1770,153592.00035579043
1771,117405.24757165767
1772,125741.43974710107
1773,120377.54550197926
1774,139877.51945857672
1775,134892.96862264123
1776,117936.235167557
1777,105774.42921185064
1778,140502.55093150833
1779,107966.51889285306
1780,183212.49064493642
1781,119127.38403717868
1782,82095.62172008085
1783,135956.7282176524
1784,101206.9536047975
1785,110541.17501040267
1786,121686.7706385278
1787,163885.5390867999
1788,64176.93448241956
1789,103273.53650798133
1790,72347.34355052623
1791,209412.01603471828
1792,166455.2995371672
1793,139721.806500007
1794,165556.7838533007
1795,130139.7952814632
1796,119011.6108398283
1797,131505.1896718688
1798,112652.46884125605
1799,109254.11159960035
1800,111349.51496270727
1801,120489.00447018513
1802,141010.46812462332
1803,150188.1289680925
1804,141457.00453777684
1805,140736.8321401498
1806,137114.8116760613
1807,141115.58883953706
1808,124578.9839925828
1809,116339.58702918625
1810,136425.76704059215
1811,91187.87173293118
1812,93775.12234226096
1813,125417.8089941756
1814,91422.92502649884
1815,60209.25505825792
1816,101296.26515361581
1817,97820.70883755351
1818,138953.14146420013
1819,124675.89446307997
1820,66998.19683006508
1821,109660.12336694352
1822,144876.98131168558
1823,57329.50238957617
1824,124486.37188438945
1825,125912.0381056328
1826,94469.95662110597
1827,104126.09493635353
1828,129652.42643529603
1829,130727.58492867113
1830,140618.85214725335
1831,162588.3342449486
1832,91017.01033572732
1833,137214.5997617194
1834,122933.85284529277
1835,127025.71907740757
1836,127595.23660470423
1837,95142.9312090574
1838,130255.1337197025
1839,103437.34108450935
1840,142506.43280193515
1841,131358.50100293622
1842,88631.0255074119
1843,134531.9464835685
1844,129435.41206891039
1845,128382.0991547893
1846,145288.34822541318
1847,148934.12564630588
1848,53982.057414001305
1849,106918.88184212048
1850,113712.71359239535
1851,144197.26220585828
1852,121271.89789225477
1853,123611.31638021079
1854,171463.5296162361
1855,146829.45384684045
1856,220839.2763813452
1857,136248.98707643666
1858,137922.58303840493
1859,116467.91608475779
1860,157539.05333832733
1861,115830.48528765838
1862,326859.92808221333
1863,324781.2813734719
1864,325773.79287610785
1865,350210.86716030736
1866,306172.8587824206
1867,227337.07219223972
1868,289183.8029149144
1869,204031.45129419884
1870,226610.31464742054
1871,231922.99521312944
1872,164271.66247959345
1873,222853.08321239712
1874,148042.71336466543
1875,198205.0146414639
1876,193406.18705295707
1877,208748.2453253429
1878,201267.51077952972
1879,116995.35948667502
1880,140051.50482976064
1881,249829.45061529125
1882,242715.87151397343
1883,181224.64794707703
1884,196517.29299761308
1885,239274.1404898899
1886,275026.8531564978
1887,213583.09935939824
1888,289623.64194678585
1889,161398.0961223598
1890,120963.34595890874
1891,139591.2641452068
1892,95679.45716628642
1893,125342.57907697796
1894,120972.00046246883
1895,136254.207480039
1896,119684.8235956722
1897,114430.92950636488
1898,116333.68115524328
1899,141749.6669680362
1900,140566.7389721209
1901,150967.59993719027
1902,127619.30780724283
1903,202322.8963871725
1904,127429.01009622343
1905,183504.43479926384
1906,157549.5022098926
1907,197318.39801634906
1908,126552.58117739885
1909,145922.94910585115
1910,135055.2601756794
1911,187408.07923945336
1912,330804.70524415985
1913,135958.5362099557
1914,78941.02529155894
1915,274926.0450983165
1916,60949.06243415582
1917,253847.81028890694
1918,142633.7597008646
1919,190960.2274117016
1920,168195.86810500358
1921,379227.6324378043
1922,290039.83569153986
1923,222059.20160081284
1924,232278.5667169838
1925,206123.4372372303
1926,360013.6654815568
1927,130770.39119508382
1928,154518.00834999487
1929,123263.70680136867
1930,124204.44515191918
1931,144436.24998878103
1932,134277.32634052177
1933,171095.52021189427
1934,180525.60228820526
1935,165078.592072796
1936,176950.87984399762
1937,173263.6859717343
1938,159808.62165988892
1939,231081.6000995954
1940,175123.2854779843
1941,173673.76979393695
1942,176275.73544597987
1943,191215.9863622478
1944,291997.21282066597
1945,323363.6706345612
1946,137793.16880816335
1947,271049.5294741317
1948,170084.48405303227
1949,240088.83794255057
1950,196213.8979413078
1951,264586.97828894155
1952,225151.9753780776
1953,170547.4940714078
1954,203939.8596345386
1955,134822.56958269302
1956,377482.39897612797
1957,160346.79604763916
1958,307133.5275046084
1959,140581.01639966448
1960,106046.46115943023
1961,118152.6361682689
1962,111225.36347687186
1963,120448.31315453573
1964,112252.09935565105
1965,147666.22929428716
1966,144049.3596274317
1967,295070.3584892544
1968,415005.51991407876
1969,346453.63138201024
1970,423711.03214821254
1971,488174.21133179223
1972,365571.3525396137
1973,253359.43108841236
1974,302877.6584186693
1975,553786.8951937716
1976,271672.3513772099
1977,361936.6182525812
1978,334702.2460170842
1979,325190.6796992469
1980,191521.84915499986
1981,348326.37813071726
1982,212516.92454511172
1983,194321.87223916658
1984,168206.24124419977
1985,224131.64309631835
1986,227490.1979169642
1987,189900.61795708622
1988,169758.27367365742
1989,189856.91771657963
1990,205836.56923707278
1991,233094.86381990576
1992,212603.77642130663
1993,170871.89776068658
1994,235828.34981973108
1995,184916.389429764
1996,244551.6203585849
1997,294053.85480974923
1998,327821.6880453333
1999,261510.01395120478
2000,314328.206470921
2001,259266.49947648324
2002,243417.59443688954
2003,248912.43790073795
2004,295552.6422208675
2005,219682.05408482254
2006,218346.75358461338
2007,244014.8637083554
2008,209967.24662520594
2009,182392.7932071437
2010,187463.12714964294
2011,139723.45091509982
2012,168688.8895550352
2013,163516.0970849573
2014,171464.4195824843
2015,173762.48417358735
2016,180942.65272458823
2017,186591.90646258267
2018,117183.9555708982
2019,142603.80476577542
2020,111237.41646186274
2021,103096.52597003269
2022,182524.97111395388
2023,139811.9576794823
2024,264407.66696720175
2025,364266.30375833984
2026,162759.0197808405
2027,146605.99667582716
2028,155962.94809847148
2029,160052.71118265286
2030,247338.97543794784
2031,227269.08936335266
2032,232458.37762486737
2033,241012.5221416637
2034,164343.95846256148
2035,213998.4047478706
2036,197669.04096982398
2037,201881.61503631232
2038,304966.3768672491
2039,194685.04853165153
2040,306930.0334072314
2041,300860.62946024287
2042,201029.73692079989
2043,178545.61942453773
2044,191273.50531466512
2045,215795.80588086921
2046,146066.69485799532
2047,142345.15870068775
2048,139287.64911759627
2049,145481.10158941438
2050,177093.99435710418
2051,100760.88861396191
2052,127484.26308180872
2053,141005.11952768156
2054,89733.48524439179
2055,150510.18784967417
2056,144511.09538094886
2057,109045.33463266231
2058,213247.10412775964
2059,127071.67016148822
2060,180081.27221617897
2061,183511.11916372678
2062,120574.34894542504
2063,105608.99272237108
2064,136490.78195014433
2065,116737.43095901315
2066,159320.71294727275
2067,113824.56949412126
2068,147141.7324105814
2069,86430.6779104179
2070,110826.47885509516
2071,94681.35392014682
2072,140065.91159001662
2073,135887.96873086953
2074,164952.15818849416
2075,142046.74475195116
2076,124449.77673120012
2077,136966.97474865676
2078,114212.67409620657
2079,132232.05280977857
2080,123588.56288155411
2081,120683.54397826675
2082,130518.58710016379
2083,137993.10128997944
2084,106876.13887451029
2085,111996.22864892609
2086,133930.58867546392
2087,131667.31917744904
2088,104538.02928926717
2089,81861.76651631088
2090,130503.56067220283
2091,94546.69658951431
2092,128697.49086517667
2093,121183.90465410189
2094,117372.27971398295
2095,145308.74925708785
2096,88560.76070178444
2097,99615.3768658958
2098,144376.91932844362
2099,65496.3965689747
2100,78035.16655918254
2101,111993.79127990305
2102,138019.4495303492
2103,98966.602302755
2104,137660.17078931918
2105,124044.3781767647
2106,64195.81150244818
2107,194475.9016353038
2108,116683.901138532
2109,108786.07021394093
2110,123980.55996525062
2111,153009.12454179185
2112,122166.60191642893
2113,121489.2065394197
2114,126432.41504891819
2115,155538.74543662355
2116,118342.27236276321
2117,144369.66083799515
2118,113650.34711272156
2119,112700.1625394214
2120,118513.67434901149
2121,100234.73116933362
2122,98981.49835452829
2123,94994.52638018105
2124,165130.2605158518
2125,129087.37558147605
2126,130020.64881168237
2127,158504.09049835778
2128,129349.02166726784
2129,102541.43629353397
2130,135402.83153794598
2131,146765.17294471397
2132,116614.98515466631
2133,125470.89857822125
2134,121291.31842617967
2135,108343.97294431679
2136,67022.70778487461
2137,115666.44583627119
2138,136185.78057764212
2139,149508.23460541974
2140,137673.2725347582
2141,155219.63437348075
2142,114624.34035929508
2143,136311.275904414
2144,114985.20381022929
2145,144090.4085035929
2146,175004.78267771567
2147,146982.52600185593
2148,143226.038473952
2149,149961.71162638013
2150,221004.3222536566
2151,116312.89625227876
2152,164567.3946133937
2153,176609.76405866566
2154,106238.39245903015
2155,147807.28291097708
2156,265386.1192143781
2157,238556.56916970122
2158,219399.74428150154
2159,203964.34151385596
2160,190421.6095112157
2161,241920.30778286242
2162,469749.3771279712
2163,373356.3973526274
2164,239169.96877161763
2165,184123.79977562153
2166,154130.741878926
2167,209776.69686589748
2168,186465.05938066056
2169,184465.23216113404
2170,189799.06587614663
2171,147648.80144066457
2172,138110.20369878694
2173,167689.40459075104
2174,222754.5262831102
2175,298400.16856964846
2176,285478.7815632761
2177,229782.01731918304
2178,213269.60574290509
2179,142709.8607264651
2180,240719.01158150702
2181,183902.3186730219
2182,224037.04751438435
2183,182328.02051985852
2184,125488.28133820511
2185,119606.36306013094
2186,163095.6662294278
2187,156523.73928091564
2188,165662.6608106958
2189,314082.98551476386
2190,79771.23217353615
2191,80340.98243062923
2192,87197.23652878648
2193,107766.79534934182
2194,110128.954839029
2195,93972.53107786678
2196,98730.13714212226
2197,115473.48469561855
2198,158138.0410184701
2199,188780.2676304485
2200,129841.48593131259
2201,123099.2577462076
2202,188207.5058675672
2203,114251.74889697287
2204,149155.57477144955
2205,104426.6539713879
2206,131874.80673713458
2207,194950.9602469178
2208,256572.131579544
2209,197446.5944695547
2210,129755.47283027573
2211,128230.20845448514
2212,127491.3765365945
2213,102203.91936804063
2214,134266.6346496956
2215,105097.6076000992
2216,141868.0977404901
2217,69608.66636399904
2218,89166.46882566912
2219,91569.69690688423
2220,82161.95769498635
2221,277317.8565199184
2222,232212.31002657863
2223,268488.75304056227
2224,213657.07033732647
2225,125544.31223135056
2226,185035.91508272281
2227,201323.20265007007
2228,254581.30831421545
2229,266005.4921572279
2230,141234.21296368924
2231,212845.15966360527
2232,179593.49272220553
2233,177153.445732403
2234,233696.23605173855
2235,205759.62816202518
2236,265061.80292740784
2237,327699.2262747097
2238,220988.73104794958
2239,122340.46870671202
2240,154665.63323595692
2241,149891.39158750832
2242,133465.50311666695
2243,134533.0670746522
2244,111316.39954902603
2245,105353.56636498633
2246,131673.20323024684
2247,137147.92842092438
2248,124391.40531680564
2249,121906.49823675709
2250,132770.9102380825
2251,99249.61619113672
2252,192119.23999872548
2253,150621.5480201491
2254,166417.35035631826
2255,197281.52906005317
2256,171968.89996796596
2257,203411.00204790308
2258,161959.0687186135
2259,177145.8473645487
2260,163845.47325435912
2261,174402.71560588735
2262,193316.1589190536
2263,333977.2083890976
2264,555203.3269475914
2265,190781.78003748087
2266,255866.98922742196
2267,357861.4640008922
2268,418669.9242153583
2269,159859.78746824482
2270,195710.9999663227
2271,234926.71456610342
2272,208846.45961238595
2273,165300.27593025632
2274,178377.56069615128
2275,176526.48105313693
2276,186112.7333872885
2277,201725.2437549371
2278,155413.53509514983
2279,114043.13826515671
2280,110261.87588142918
2281,160369.47628598707
2282,176879.90728722356
2283,121416.26057920109
2284,115790.42437374088
2285,149651.55924804462
2286,123382.25660658906
2287,352157.60885536677
2288,277810.1013964874
2289,397169.84065113013
2290,472013.45796619344
2291,333356.01705604966
2292,434046.79247002356
2293,519142.74824102747
2294,369515.7034623678
2295,522307.70232530223
2296,302488.18075340154
2297,318349.6162713321
2298,293505.99228619615
2299,359192.25801315036
2300,321658.424604293
2301,289358.1091709073
2302,245742.79084139227
2303,236866.87219092288
2304,267876.9511575769
2305,200889.83481451348
2306,185217.37069959854
2307,183949.72286629173
2308,210856.74179964597
2309,254663.58918730912
2310,212343.725726124
2311,202710.30924792401
2312,184612.3200749501
2313,168351.88157549707
2314,184133.192810387
2315,185882.2019667658
2316,205433.31169941113
2317,176464.0547309846
2318,178461.27370112564
2319,190706.00672821494
2320,199377.28718459912
2321,246023.31642162972
2322,194962.4472823569
2323,174485.53323187915
2324,180508.55716801074
2325,224180.47484284508
2326,167898.53160915794
2327,200387.7869618797
2328,214772.99754777903
2329,187823.5931135132
2330,179074.76943978938
2331,364320.1873951646
2332,391948.5234018203
2333,332274.6447373787
2334,245040.73724469176
2335,260849.5461198134
2336,318997.1398018607
2337,209943.985156779
2338,297446.933872988
2339,221027.99400126253
2340,431236.40023075504
2341,233986.6883175486
2342,228986.3494341576
2343,222763.77663597575
2344,216665.1450133518
2345,239022.89601313512
2346,213824.2030385339
2347,198321.55112009114
2348,241664.2757478333
2349,174372.3674777064
2350,301676.7342696045
2351,246437.14638662798
2352,246551.6480806991
2353,245294.56538083105
2354,147029.68943729758
2355,143747.42767927545
2356,152180.3885669857
2357,190282.9159331783
2358,179788.98696111704
2359,134183.83465093898
2360,116238.95266761591
2361,151805.81550307616
2362,272223.2598418508
2363,131656.21478612712
2364,177930.55639757204
2365,214900.337818455
2366,199529.10177015178
2367,223562.5050145019
2368,213053.8653051775
2369,221994.26064820334
2370,164319.76552121673
2371,151945.6608640583
2372,175698.4686373989
2373,281886.9314279176
2374,323699.47595057054
2375,230493.61947585316
2376,314796.9111170588
2377,372552.09456204955
2378,146428.1171937474
2379,226877.94716183556
2380,154432.85712905464
2381,175370.6630420107
2382,225227.93712514624
2383,208569.9881487252
2384,249454.0490879097
2385,167921.8710899119
2386,132112.62742505613
2387,129758.38412829455
2388,105109.6078294635
2389,122358.34270468887
2390,133401.3873557775
2391,141360.18719576547
2392,114092.10441863729
2393,168242.03071468428
2394,132954.5374758706
2395,213089.7442009174
2396,141977.41939485894
2397,234178.9695204287
2398,129513.98404820185
2399,65276.853125556096
2400,66990.2616314268
2401,122798.17505692436
2402,130760.89028937083
2403,147176.07236894645
2404,141483.9239291824
2405,158988.94361528754
2406,146848.8159517578
2407,122262.13529623773
2408,144685.9717468857
2409,117634.17788602342
2410,192599.45117259058
2411,111368.3411204171
2412,146501.60024776077
2413,119865.02294882269
2414,148288.71170692332
2415,132049.39526676075
2416,126738.28999637935
2417,131292.651085351
2418,133628.47399012255
2419,110540.99068134274
2420,120867.94782492996
2421,141391.84667710407
2422,106506.31612918738
2423,106142.16971241542
2424,147143.66954237747
2425,221036.34503010561
2426,138584.91794928114
2427,119688.85697249924
2428,176020.4581163222
2429,115918.42385277784
2430,134447.0252331798
2431,105914.7929141241
2432,134860.79002059205
2433,137333.10469519786
2434,131095.94308251177
2435,148690.70623152994
2436,100737.98874892328
2437,103838.29234885705
2438,116938.91157508653
2439,115559.46881421657
2440,125266.31540878906
2441,105880.6926700171
2442,104152.38100490662
2443,131019.21782620702
2444,131272.73820706818
2445,87844.79231536223
2446,130492.32498712902
2447,198089.26845976632
2448,137485.13518125543
2449,110824.65079923692
2450,152809.47944238014
2451,139843.30931951408
2452,195456.45361075414
2453,91421.3664795009
2454,119270.51852442474
2455,126735.88496000688
2456,130477.23958548855
2457,123584.47324342109
2458,124068.62380221795
2459,104895.20787354959
2460,136240.42485696473
2461,123942.14922804982
2462,128187.37048116863
2463,117209.60478925605
2464,176689.5771537139
2465,131312.69230151086
2466,107825.2805099187
2467,149455.42229357196
2468,85943.6964731242
2469,84230.16980416172
2470,201840.35386941492
2471,238289.8546049171
2472,162838.10318880496
2473,120233.70746512862
2474,77331.71054637278
2475,247576.79040114413
2476,112630.53761385904
2477,116688.6859242139
2478,159183.63196645613
2479,103912.9208075783
2480,150588.4364893218
2481,115004.2002635164
2482,130123.05143198986
2483,108758.2862181344
2484,123875.73899119225
2485,127845.22289035589
2486,141534.89868357647
2487,171821.62912524788
2488,169291.2784600539
2489,153098.70017578854
2490,146122.93222438014
2491,100933.355976717
2492,185457.62488669055
2493,145217.47750966568
2494,152912.44166839944
2495,97658.14982121518
2496,245170.58917065515
2497,149988.06054209924
2498,105018.8708730707
2499,89590.60795542398
2500,125195.58184872803
2501,132624.46751221898
2502,149013.8906916398
2503,96444.61180257604
2504,194034.55787469947
2505,214606.28901972904
2506,272307.6524651624
2507,328833.6493639816
2508,271983.82610239234
2509,213137.84383146194
2510,219545.64212674307
2511,174242.74584688598
2512,195307.640445024
2513,226994.1928227397
2514,258675.71116512993
2515,143511.74443569264
2516,169857.5018537392
2517,143288.8455512272
2518,143517.9154026915
2519,208301.17698663828
2520,206699.34415683235
2521,184377.84120546508
2522,222934.07991044238
2523,121915.03108895746
2524,129814.32302379658
2525,149676.84833464754
2526,131815.32325602762
2527,109033.70333321772
2528,124278.1892692617
2529,126182.22175774959
2530,127600.79964612161
2531,251798.04372252498
2532,224680.77095521564
2533,190575.27611426057
2534,224830.15554740292
2535,306780.0476036008
2536,239218.63884339732
2537,227228.33445966974
2538,194461.2503433208
2539,184071.3670842081
2540,186201.11152308126
2541,181994.2150514286
2542,149668.83289074717
2543,123466.55458939994
2544,118826.84070246086
2545,133468.0245557407
2546,140563.52275200875
2547,154414.81380601725
2548,155856.80021430622
2549,156769.62116181484
2550,1408460.6454620017
2551,140170.16133058688
2552,128957.44226202965
2553,72933.91065702437
2554,103085.66763364419
2555,125131.40822455611
2556,96732.09777714829
2557,106858.40222726318
2558,148663.43019731206
2559,113923.19307379781
2560,135182.1517801057
2561,141520.78126546936
2562,123974.41655364611
2563,138117.61887049433
2564,178782.81029921322
2565,126404.4405443683
2566,129561.73136238518
2567,117918.02611680048
2568,188055.3385877314
2569,190636.5314977992
2570,130329.72502546792
2571,159068.54081061477
2572,163205.00821063857
2573,208379.79084212042
2574,256960.30316983303
2575,134188.08067427456
2576,123682.16903563224
2577,129876.61154939943
2578,95899.52159164565
2579,63400.559040976514
2580,112073.13825737708
2581,129711.48698381174
2582,133755.0604716967
2583,283245.62803412974
2584,176589.86059409106
2585,180787.27317396068
2586,222453.21246104693
2587,208957.0113245148
2588,144014.63125303134
2589,157465.29699971
2590,213623.05034550448
2591,239482.53795168927
2592,225411.27989256047
2593,246655.2894780907
2594,182049.80538941573
2595,190982.8872990074
2596,306159.79008383583
2597,178291.98543823793
2598,273371.6144759216
2599,355160.16275079054
2600,163325.01610363516
2601,144868.1618865625
2602,90964.1406625925
2603,95406.17183304395
2604,94678.48233921842
2605,87390.26772631964
2606,139889.37125293986
2607,205968.26942909232
2608,215568.8221850521
2609,171214.6259994303
2610,110999.47780770867
2611,128847.40593770103
2612,165399.72729662663
2613,131698.38624219492
2614,121625.82100737464
2615,149540.7871467372
2616,154374.31852569318
2617,192898.5405859335
2618,205731.30584662655
2619,216331.4770059373
2620,182034.27380188438
2621,170950.5215718899
2622,177893.60758016116
2623,233277.62660071458
2624,317346.6521974301
2625,290196.3929535048
2626,174423.31279203363
2627,162588.81613268374
2628,450599.9508518686
2629,491048.59928532434
2630,350045.8918389952
2631,502524.71701508434
2632,398908.46786305227
2633,278253.2444054835
2634,389300.6439362281
2635,165658.61891032147
2636,191789.56250618186
2637,172343.43023338864
2638,278722.0863553538
2639,190062.56967025323
2640,156738.4021108657
2641,102041.74992066826
2642,180322.66253511127
2643,118384.39061492535
2644,137012.44708699238
2645,123518.53339361212
2646,108978.34996854923
2647,116682.57154073917
2648,148005.97312013124
2649,149864.13736505221
2650,149363.74001185285
2651,142820.74223818196
2652,446136.9295922331
2653,250222.21452921038
2654,257725.29823729247
2655,377342.74366666144
2656,330335.479044888
2657,353995.8659536989
2658,291637.4961007799
2659,307635.4572062306
2660,361951.47336729954
2661,367847.0450110256
2662,336453.6767916993
2663,296678.296643915
2664,246436.65325565136
2665,335070.0441569609
2666,282756.82621941704
2667,185900.2060346377
2668,195717.19634438172
2669,187493.72653542616
2670,304323.0968699883
2671,197380.039155206
2672,207229.4677724391
2673,202842.44912771412
2674,210484.12543924336
2675,176850.5435224182
2676,187696.94036318854
2677,202331.95744717942
2678,272425.47625831026
2679,272252.63973854523
2680,280839.33996738464
2681,400261.1527388399
2682,319332.1964856862
2683,544129.4197135834
2684,308834.7396245602
2685,335215.5706751754
2686,270285.5819239574
2687,326779.7957914286
2688,233847.88869675394
2689,209436.4302430269
2690,495691.88957246277
2691,176934.75375273643
2692,136151.81000099744
2693,208960.27302056013
2694,151630.56713230858
2695,190872.28346488246
2696,182253.83368117915
2697,181424.68428486385
2698,182799.41475630348
2699,171879.47484978032
2700,148619.63653220027
2701,149621.63262521324
2702,114669.53632955074
2703,142329.56168863323
2704,147214.4192643963
2705,112880.31691268514
2706,113102.81956304399
2707,125031.89160874538
2708,127634.51718617998
2709,110598.9373924562
2710,126009.57503140261
2711,318547.5509965786
2712,385813.04254204675
2713,166635.56135627293
2714,146399.09276529975
2715,155788.93375699193
2716,147660.75465941045
2717,179759.55581315092
2718,211518.73527937013
2719,151445.21291330774
2720,193913.0198273685
2721,132788.66153294468
2722,162575.85774676086
2723,164176.43051599053
2724,121931.86513306948
2725,125279.52024392743
2726,144399.75213558637
2727,192315.63094858333
2728,175137.35586005103
2729,144875.74672691902
2730,143476.82138806296
2731,129741.75575024067
2732,119785.15420065464
2733,169734.2383920466
2734,165959.25405697126
2735,126392.29505631083
2736,138590.35383641522
2737,117268.63971334769
2738,140507.1820573584
2739,163055.77143709006
2740,141581.0233978022
2741,133163.9194301426
2742,158849.47203013452
2743,150685.69601258566
2744,158583.75671063844
2745,156089.14189307645
2746,126337.46941516256
2747,141676.68917063132
2748,122006.62988480084
2749,124642.78717020896
2750,125084.45981268035
2751,127430.55759541418
2752,219383.50017498859
2753,156515.81958732553
2754,261983.03624716765
2755,132620.7871739195
2756,95699.51152683378
2757,76054.7156556884
2758,91522.0443584545
2759,152768.5813346094
2760,115504.2556425285
2761,136291.52397566856
2762,139054.01436076502
2763,215396.49324186222
2764,150545.39985497168
2765,310260.5331083288
2766,126041.53986580294
2767,76883.52698829096
2768,117617.52953508875
2769,119510.94155857182
2770,158562.69930303478
2771,112388.83687397437
2772,110342.5013883581
2773,152790.56344099683
2774,137541.55620389205
2775,121486.69329550967
2776,142464.1225110235
2777,144283.19226777286
2778,128611.51763195677
2779,111852.37903744217
2780,106318.26008937687
2781,100558.37188923366
2782,92887.62092305857
2783,88849.44611415114
2784,125511.07550330645
2785,128631.63203680706
2786,71774.26516143008
2787,128991.1849244528
2788,72935.4168061288
2789,173966.84566719315
2790,96096.16034420239
2791,101101.69529720086
2792,68693.53456728405
2793,156630.24292726358
2794,88123.10510071692
2795,117094.23980345644
2796,90720.51886972136
2797,213684.23266358773
2798,108941.4508823231
2799,116660.93409730411
2800,75790.74804623032
2801,115224.70741359092
2802,126365.0996700644
2803,173973.5522055286
2804,126758.04002367308
2805,104238.48818880341
2806,82974.65080887
2807,159094.56643234103
2808,143504.20792863454
2809,129511.53335915667
2810,130196.00553342488
2811,159951.72570935756
2812,166752.56012420342
2813,161212.97751140123
2814,164969.50193192763
2815,99973.08941708326
2816,247236.8074739446
2817,146030.547687119
2818,131904.6488371936
2819,169334.37711920292
2820,130484.27136597387
2821,111775.5880269329
2822,196707.35274985305
2823,358640.4727541566
2824,171455.40496270332
2825,146150.77069938643
2826,133688.08797960478
2827,137795.7446068007
2828,222750.43344767194
2829,238512.9824552328
2830,257008.93914094358
2831,180598.35097161253
2832,273361.08431606664
2833,294350.6359558496
2834,226350.672499191
2835,212392.28510034244
2836,185406.01109605373
2837,171410.05103642907
2838,147403.54875117796
2839,167251.69804486513
2840,197124.13690536513
2841,194871.71737439497
2842,223110.14414251974
2843,145574.42826670676
2844,170297.2586956578
2845,127360.19690997426
2846,196801.25854679313
2847,193163.339398126
2848,220375.89599910966
2849,195769.9182401529
2850,285676.79386338836
2851,220649.95902537424
2852,238319.15035407734
2853,230575.03587347054
2854,141488.50359008985
2855,205288.035521911
2856,210724.9757464385
2857,183542.7723042829
2858,220073.2544641724
2859,116025.61135646803
2860,124077.23996194632
2861,129846.79734047517
2862,197976.7729133061
2863,130630.77702710313
2864,240811.4578455956
2865,155755.4923569739
2866,172916.34535645694
2867,97408.33126206967
2868,107867.99674806926
2869,111837.58741697058
2870,127421.88426524989
2871,83568.55639246137
2872,57739.77604959075
2873,104203.50759735769
2874,128471.20664333666
2875,130101.42646575786
2876,171151.8615956222
2877,133479.32514581055
2878,155429.49315466493
2879,128321.06643123706
2880,100070.19757646485
2881,129795.62519589235
2882,149214.96061967983
2883,173620.58627442253
2884,189301.63111075514
2885,158253.00477055262
2886,218322.10530558362
2887,110623.98774943076
2888,133756.54006069675
2889,68742.26765080134
2890,83097.37641612106
2891,135153.88047036345
2892,69429.40369808655
2893,100060.00213080838
2894,65881.02409582069
2895,303036.91209074506
2896,254877.99296612808
2897,203562.13752992082
2898,164626.11450389982
2899,204599.58338014886
2900,167430.30491992776
2901,218720.50054074384
2902,190377.2501697633
2903,356546.1682508612
2904,367910.9338592427
2905,82182.69636082262
2906,218756.39997608514
2907,118586.83658715556
2908,127602.48655520516
2909,157239.74188911627
2910,87322.253589432
2911,91528.99563407013
2912,143609.51517502897
2913,96527.7541054026
2914,87663.98149094351
2915,97300.39284354071
2916,97265.27696852708
2917,188846.0651000913
2918,110985.6986172657
2919,236272.67764901105
